time,x,y,z,phi,theta,psi,x_velocity,y_velocity,z_velocity,phi_velocity,theta_velocity,psi_velocity,rotor_speed1,rotor_speed2,rotor_speed3,rotor_speed4
0.06,9.307187844685828e-08,7.184462730615928e-07,10.003997305854503,0.0005457819081788884,6.282935278725617,0.0,1.4679727352318802e-05,5.780843616031768e-05,0.13323652471374192,0.022914028777262452,-0.014176732620060755,0.0,448.5477119852499,447.3952152848675,445.734491733387,447.6027607845468
0.12000000000000001,1.0452209980768273e-05,2.307364874330455e-05,10.017699611841204,0.0020918812093499994,6.2821320959483415,0.0,0.0004259632805476239,0.0008564608468059969,0.32347151500414284,0.03093946653280289,-0.011850794600542584,0.0,464.3481987508607,464.5307178853387,464.6144148622859,465.24318427651417
0.18,5.770417458640196e-05,0.00011972751205656361,10.038035941217315,0.003944110512112076,6.281752576315437,0.0,0.001197471375074132,0.002535499399868746,0.3543962373439061,0.030732200022804093,0.002910151554679481,0.0,414.1837779147019,415.47982338625087,414.2268119249179,414.20898783062717
0.23999999999999996,0.00016473107581607265,0.0003791337415943073,10.066682872243618,0.005432368684116895,6.281725836445823,0.0,0.0023595453943198287,0.0063217955104885835,0.6004035005747728,0.009022553505630922,-0.00818346208075952,0.0,482.0120910409722,481.1731406905591,481.57086753465927,479.92621944464645
0.3,0.00033941621085519164,0.0008769677471487952,10.106391629934866,0.006352976563507973,6.281204261233791,0.0,0.003516512931835661,0.010351737128050096,0.7231510565505013,0.025674217541507068,-0.00973183056242239,0.0,445.3594680941832,445.2329448099196,442.92811009709936,444.2951624171861
0.36000000000000004,0.0005984523045945628,0.0016563195640081926,10.155933359936272,0.008064140340585446,6.2816071272482805,0.0,0.005114550181016723,0.01581741635433212,0.9280945331170972,0.03367542497751141,0.0278425887546205,0.0,467.48610858481373,470.4043980131368,469.90878151591454,470.5287058889336
0.4200000000000001,0.0009389210784904546,0.002832082919785059,10.220519208829913,0.011348881416131107,0.00018726935784485477,0.0,0.006008648922929653,0.023742944790745242,1.2244945572047323,0.07943015757854893,0.032412742061206375,0.0,495.6153391262381,495.95124302378997,494.95398825472637,498.3109143661804
0.48000000000000015,0.001289071628867085,0.004489856618225064,10.295399317744254,0.016046498980322177,0.0019959154314808103,0.0,0.005485941925519775,0.03196112501318855,1.271451736983828,0.0759192689997322,0.0251706111280929,0.0,421.506954318518,420.88103063345307,421.5036011751688,421.2053640492451
0.5400000000000001,0.0015766753914782847,0.0067161479743404985,10.372298496173178,0.02062903677200012,0.003456361312132117,0.0,0.003966832115985469,0.04266035931139476,1.291823450424981,0.07727255487008539,0.022627391319321805,0.0,412.0138526414902,411.78909544575276,413.12407317478096,413.24846062059765
0.6000000000000002,0.0017308954063442138,0.0097598787065628,10.454681758456546,0.025057429019148536,0.005023509850962782,0.0,0.0010110116223058829,0.05929839480935799,1.4540805969679753,0.06577770313206534,0.03231903357673912,0.0,458.58433618411954,459.3535623551377,457.348088226038,456.4357735923739
0.6600000000000003,0.0016712830235305772,0.013892322748209663,10.546522137728045,0.028451629494371744,0.0073329852184480515,0.0,-0.0032328214583095365,0.0788644833183578,1.6070496134241654,0.02270358597670908,0.04861899390838659,0.0,455.18500510061244,456.48810885599954,456.9759420642095,453.531491047267
0.7200000000000003,0.0013283450433710783,0.019167414450271664,10.644210020632071,0.02946416844913191,0.010074039121763967,0.0,-0.008463104761497678,0.09708431991521058,1.6491468653144195,0.0014595986817162246,0.039054372293208094,0.0,421.8964995259986,421.0712711183181,421.07216803758934,419.230427750676
0.7800000000000004,0.000579263470844702,0.025669322448956516,10.748460463536397,0.02937897764308861,0.01230926601744553,0.0,-0.01676326994553818,0.11963860986870846,1.8255990029078788,-0.007910948715592654,0.03338571229167291,0.0,462.76577784382897,462.31997706353894,464.32796675415864,463.59234962508646
0.8400000000000004,-0.0007819632578499002,0.03366703982739479,10.868310132786645,0.028938169740072794,0.014691200504575619,0.0,-0.028909266193792617,0.1468710141139517,2.1688008399248613,-0.0062416769416474924,0.05001746410450816,0.0,510.663299152773,511.84876675638395,511.5460459617179,511.66501051637806
0.9000000000000005,-0.0028954420871898246,0.04319715484984076,11.005627800040845,0.029012262074647133,0.017420950815236758,0.0,-0.041886624215714145,0.1707703997752308,2.407975689416368,0.013078340819873125,0.034431312736622366,0.0,485.24176983334166,484.0713668739439,481.612880383503,483.07186039189895
0.9600000000000005,-0.005730855708875468,0.053970551442170785,11.150526999959915,0.030136759644439515,0.019696148022359417,0.0,-0.05282114747220561,0.18842808476573503,2.421960254932901,0.0281695815695434,0.044114301973596545,0.0,414.3245471794121,415.17576514812475,413.9060077293226,415.2319816738552
1.0200000000000005,-0.009305061401829212,0.06588607374721915,11.298222517124659,0.03196846895811234,0.022590501351746894,0.0,-0.06659074103080342,0.20892442789205007,2.501040326634437,0.034871232601994,0.055421158349444784,0.0,435.4605710511442,436.406806844964,435.94250394329185,436.50243738387496
1.0800000000000005,-0.013763822964733125,0.07906663921016516,11.450581947889194,0.03389057799364448,0.02569794446081808,0.0,-0.08234882146391545,0.23061957567219835,2.57742101496456,0.025656585543554104,0.04331058312852802,0.0,436.00410685139383,434.99291498470274,436.12185847052933,435.3519401782611
1.1400000000000006,-0.019234048882732786,0.09359377456767859,11.607773830699385,0.03549679640387371,0.028146266199883918,0.0,-0.10023926351725906,0.25376727275959754,2.662099208198841,0.0289092659945588,0.03525569637437405,0.0,438.4612531838177,437.79245353459913,439.0716888298179,439.3416234817947
1.2000000000000006,-0.02582044524566376,0.10953517599169914,11.769831262043018,0.03739038997910704,0.03103160554026463,0.0,-0.11955660753868196,0.2777841721335794,2.7396142726587236,0.036393433762772466,0.06591558663720673,0.0,435.902924527197,438.45886493602524,436.182950666439,436.8078917236994
1.2600000000000007,-0.03365083926243539,0.12698216929987224,11.937202595148515,0.039863676497815526,0.03524030354848673,0.0,-0.14186616692003567,0.30400999219862196,2.8391597252637846,0.04945368418506115,0.0774843437322665,0.0,444.32522662998684,445.27635135327824,443.18150649129916,444.2545587100389
1.3200000000000007,-0.04305831531168437,0.1462226028315789,12.114656977695201,0.042403024904490216,0.04018331461013158,0.0,-0.1722821524819778,0.33765497826202995,3.075337181511272,0.021599311819732396,0.09071708511609865,0.0,485.40612018519266,486.4029490528499,486.83448529109796,484.7466004975095
1.3800000000000008,-0.05417379986251484,0.1672853126976769,12.30039066839505,0.043320529585155754,0.045262213965207465,0.0,-0.1987237552415254,0.36453504438236195,3.1156438184828623,-0.0019406277382117022,0.06835234047465412,0.0,427.2588270607022,425.3537881856416,429.2385856008672,427.23612227848963
1.4400000000000008,-0.06731615102802134,0.19029981090533046,12.496089143039127,0.04279961481069883,0.04998110379176257,0.0,-0.23989830843618476,0.4025408808647336,3.40678079012217,-0.027689781378568406,0.09382343068402114,0.0,501.5221607048666,503.3727554738063,504.36775362950635,502.5047338336067
1.5000000000000009,-0.08295910455238,0.21548830952273304,12.707270349215458,0.041158064719484244,0.05567447346074239,0.0,-0.28218058990086087,0.43684233502723296,3.6318666450361365,-0.02670610035447649,0.09693917277405108,0.0,485.3615589780528,485.6021578041532,486.3774298856444,486.45098775114036
1.560000000000001,-0.10094800400940382,0.24245598273678903,12.926128965870621,0.03919888465022403,0.06141164120369691,0.0,-0.3179746205781948,0.46191084833632995,3.6632863942510827,-0.04850288664114364,0.09284224818851822,0.0,428.5932894429737,428.25307880023,428.83323173904455,426.9770376155145
1.620000000000001,-0.12153362570745928,0.271097165289996,13.15233333507962,0.03594286240856448,0.0676537350426889,0.0,-0.3688773263113925,0.4924001369765072,3.8761172245538513,-0.0694443614109964,0.12017827714037305,0.0,483.4499290841841,485.51344919552406,484.5755787603903,482.9968904686678
1.680000000000001,-0.1449253435857014,0.3012764010265098,13.38544722008547,0.031586581692240046,0.07464351688389659,0.0,-0.4114818384138437,0.5131826920106802,3.8942422509525505,-0.07981826045802094,0.10787985898844595,0.0,425.07611982930564,424.03359001676745,427.3511464450026,426.4615305499196
1.740000000000001,-0.1711012795430093,0.33266129672595796,13.62099461232447,0.02655883879434562,0.08125016493394632,0.0,-0.4616645443350997,0.5324939876061132,3.9570757539383177,-0.09324762178708482,0.11423261078075451,0.0,440.69016184415744,441.2257881355258,440.4577887699525,439.3397469576883
1.8000000000000012,-0.20045082262875272,0.36511219451898325,13.860691674751866,0.021071566520623364,0.08776938719220606,0.0,-0.5172929892065012,0.548643011042281,4.032508124469854,-0.0880923302342503,0.09414481786826703,0.0,446.48136139123403,444.849506344078,444.0972163207844,444.512863054407
1.8600000000000012,-0.23324406913378815,0.3984175098432908,14.104677707349117,0.015606513241173126,0.09386756709384336,0.0,-0.5763683127380717,0.5610001466160652,4.100063103104125,-0.09785805060249411,0.11349027057765174,0.0,442.9461861710304,444.54316050038386,443.0053754029421,442.1945175073688
1.9200000000000013,-0.26957767528640514,0.43233349366504836,14.35136289435824,0.009441408267578666,0.10053161995486448,0.0,-0.6353553264332868,0.5689811275369876,4.122628474947053,-0.11496973506989541,0.10572414466075958,0.0,429.3237667099951,428.675652794088,430.42791679966393,428.9674093806163
1.9800000000000013,-0.30943425797157004,0.46659927747158997,14.598045331692045,0.002344379915209416,0.10671063843100104,0.0,-0.6937331976841601,0.5726185165109251,4.1001365104963705,-0.12590058504716634,0.09685149644545862,0.0,414.3556487723392,413.5848602520528,415.8704378159778,414.8980293512989
2.0400000000000014,-0.35340446219417787,0.5009639603976134,14.848039594207265,6.278156416238213,0.11345969211045137,0.0,-0.7725715377384018,0.5720673511391771,4.232427243733075,-0.11746149385889401,0.13289971802883485,0.0,463.33429161215287,466.16990502015415,463.2784252257512,463.9285145378119
2.1000000000000014,-0.4026839959462683,0.5351133031105335,15.109635705794012,6.270703478538987,0.12139310885547427,0.0,-0.8709600293937132,0.5653477576927758,4.4863225741925765,-0.14324717425769665,0.13083744169263536,0.0,500.14201366629146,500.00571853362993,502.5497149810467,500.6644976378034
2.1600000000000015,-0.45710232169521087,0.5687725352822323,15.378618546973353,6.262180416516967,0.12938389569073738,0.0,-0.9436724100802173,0.5558826653528681,4.479674703076613,-0.13976266808335666,0.1374907131234781,0.0,424.02758484442467,424.6160372075701,422.98687703157003,423.2669729074309
2.2200000000000015,-0.516425484137531,0.6016461184906484,15.65022118258568,6.253802346405362,0.13774455895587856,0.0,-1.0345575867466201,0.5390624743995722,4.573204089951069,-0.13937968564144593,0.14281172575047527,0.0,456.0196464666958,456.46198094070706,455.9603454693491,455.9733788788597
2.2800000000000016,-0.5816148030125158,0.6332858156482715,15.929111198760008,6.245435060604276,0.14667565989409415,0.0,-1.139292459275087,0.5147000150659315,4.722305253506941,-0.1396051706373632,0.15879080527600561,0.0,474.2506444190465,475.4955670748895,473.40907562410365,473.3749715644667
2.3400000000000016,-0.652554709167555,0.6634719826844194,16.211991161778542,6.237188132780872,0.15582973023604385,0.0,-1.2261781813682986,0.4908002402912646,4.706886959499704,-0.13345582811063528,0.135696818610279,0.0,425.09931632199783,423.1382652397315,423.67813126477955,424.1880650674781
2.4000000000000017,-0.7295061790050358,0.6918922103423827,16.497962689114075,6.228617159290101,0.16461144659387728,0.0,-1.3396834135312148,0.4557226143920052,4.824745849686655,-0.17853330556736363,0.1619345244015747,0.0,465.56851821477017,467.6355444785213,468.7498396724322,465.21349127019306
2.4600000000000017,-0.813818877943483,0.717895815215621,16.79308673539943,6.218073232906841,0.17396178501675497,0.0,-1.4717014080842001,0.40990157604514943,5.011568734032563,-0.17065469441420406,0.13945649402740143,0.0,489.0410738206897,487.38396830649907,489.2837353452787,489.84333972162943
2.520000000000002,-0.9059305057057163,0.7410359764659912,17.0974726292697,6.2084387878677045,0.18222684347143936,0.0,-1.5994637091093846,0.36044840955439983,5.133752364080232,-0.1456469397019809,0.13410534264135324,0.0,471.9516794309321,471.5547853234612,471.32042185859,473.2261174399917
2.580000000000002,-1.0051543105542708,0.761311175508379,17.405213223844953,6.199710049803153,0.18997738054446156,0.0,-1.7086846688683395,0.3146577019307744,5.124018023269587,-0.14514552192810665,0.11684586781382958,0.0,432.0131799069585,430.57083150241925,433.0367870974983,433.0585662408516
2.640000000000002,-1.1108086175840093,0.7788034016319411,17.71100211870052,6.190495970003912,0.1969921161998185,0.0,-1.8137317969029414,0.26771615406959065,5.0689115322336376,-0.18123535902177537,0.1170445917609651,0.0,417.3407523502422,417.37131900775,419.0996620882217,415.9250872309092
2.700000000000002,-1.2231782313172899,0.7931886675116355,18.014908750219604,6.179416101422593,0.20413109908119864,0.0,-1.9325427011084189,0.2108704995551174,5.061001589760807,-0.19258422781016346,0.12259925687017643,0.0,433.954464270568,434.4336331743241,433.26309837943575,432.2734660518002
2.760000000000002,-1.3432857594590466,0.8037287292887816,18.32057317358592,6.1676229535946945,0.2116482037422891,0.0,-2.071702128225182,0.13940088627094202,5.1270817212175475,-0.20596648061816683,0.13017349340655188,0.0,458.2980050424373,458.9134211967656,458.1213026885736,457.01904512025203
2.820000000000002,-1.4709999663036761,0.8102389594452715,18.62601436189348,6.155243033065776,0.21988395669678873,0.0,-2.186129998547061,0.07665909448401455,5.054216459967038,-0.2070719583351621,0.14859797616183998,0.0,412.8918547234858,414.533136376009,413.81294265638263,413.6702896340502
2.880000000000002,-1.6059071192740684,0.8126884372287854,18.927863695489936,6.1429196398338135,0.2287242867308379,0.0,-2.3115368288617466,0.004020161469003667,5.0071584052154625,-0.20222698845520645,0.14469691094361573,0.0,423.5854832432295,423.2713385857147,422.2093896596597,422.5834052491606
2.940000000000002,-1.7502889307889895,0.8094971350263097,19.2344201711404,6.130927980300921,0.23742059365385781,0.0,-2.5019785247890387,-0.11159602177359174,5.209753747450955,-0.1955122600239574,0.1454166371141962,0.0,502.08567515860193,502.154885514863,501.7530688150851,502.20625316907
3.000000000000002,-1.9048388470431734,0.8000276339362047,19.54705440563324,6.120172745964158,0.2460840369049766,0.0,-2.6504357482167236,-0.20494554193201253,5.210779581467596,-0.1583092626706118,0.1422582757902766,0.0,442.6436807903294,442.4032158490532,442.3280591172231,445.3493138173315
3.0600000000000023,-2.0712214677992504,0.7829922523549079,19.870450532388237,6.1113253085754735,0.2550518860238107,0.0,-2.8964036898481225,-0.36375582860911776,5.566446450005912,-0.13168303033494375,0.16094943683022234,0.0,548.5163570788765,549.7724706979837,548.4832228762076,550.2326133831192
3.1200000000000023,-2.2500696617712417,0.7578841251484617,20.20545206541672,6.103773711390421,0.26475770463059334,0.0,-3.0660178387823964,-0.4737407813129596,5.599369545452393,-0.11621760353488099,0.16334219798941516,0.0,460.16822192440117,460.38153330744615,459.77521873150476,460.98514113432026
3.1800000000000024,-2.438730787912013,0.7264188183662604,20.540339594250973,6.096799592162533,0.2743720116290751,0.0,-3.2234988315222517,-0.575581509534206,5.563019195401008,-0.11627074453208283,0.1531792813529818,0.0,439.75389771610884,438.93572070742186,439.77495461200294,439.75830574460355
3.2400000000000024,-2.636264031950255,0.6892324853665637,20.87037993057637,6.089390111283624,0.2835358301606492,0.0,-3.3617281679255666,-0.6644527315395223,5.438298651084216,-0.14460180503400547,0.1518180787294266,0.0,409.64209708913654,409.54517839753015,411.4686711823524,408.9362793565807
3.3000000000000025,-2.844165457114328,0.6453382078916439,21.199335716707193,6.080456980548195,0.29221081749830446,0.0,-3.5690320988105007,-0.799318822134978,5.52551075681559,-0.15922220028371636,0.12341039764640177,0.0,482.2526798537544,480.11899213821147,481.4078282689597,480.28088030627964
3.3600000000000025,-3.0637130828505983,0.5938397495748167,21.53025399398177,6.070522591589487,0.29931039088118716,0.0,-3.7498281716515325,-0.9179854222893581,5.504363264061489,-0.18294125397578195,0.10549439032092651,0.0,449.6562453313311,448.21444660855013,450.17040062734475,448.22007508704235
3.4200000000000026,-3.293900950128263,0.5352967305490354,21.858731239186923,6.0595832542268795,0.3056161289852861,0.0,-3.923660623216135,-1.0342246294001367,5.444345677490066,-0.18111405071987688,0.10428664900994285,0.0,437.54335729140615,437.4526123099047,437.5655185826785,437.68490328748265
3.4800000000000026,-3.534224286822807,0.46991152574118944,22.182243629024498,6.048693385932898,0.31186398919657776,0.0,-4.087711135698478,-1.1460292383345285,5.339104669566731,-0.18227536869251357,0.10381814501162497,0.0,423.4434058350051,423.4131281954845,422.5579365777607,422.4240425790114
3.5400000000000027,-3.7852682136860327,0.39711958150251697,22.501652380025952,6.038142483534614,0.3185038710852188,0.0,-4.280959989527476,-1.2811025662724913,5.307033781249092,-0.1653876801692539,0.12168658968619747,0.0,448.43046354137294,449.8904520420219,448.56643264987156,449.9063783522862
3.6000000000000028,-4.048812457809256,0.3155001583211172,22.821283220350452,6.0292446831507185,0.3256446010381051,0.0,-4.504376207221177,-1.4401225716093697,5.345983904218857,-0.1266514132946954,0.11304680536269088,0.0,475.595851951485,474.94521159584315,472.344322443826,475.30250252707594
3.660000000000003,-4.324927035044567,0.22493637065325145,23.140305553998576,6.021543268303651,0.3326265944045135,0.0,-4.700026670216061,-1.5791256727182754,5.287368436718534,-0.13200280863846647,0.12228851380215325,0.0,445.96219571462956,446.72861862082954,443.8009670830385,443.34628026571943
3.720000000000003,-4.613697351042107,0.1253439536390008,23.457875782148456,6.014398445022888,0.3398624105428274,0.0,-4.926185530180761,-1.7410016484475954,5.297056461321731,-0.10117531357798058,0.11698263313049337,0.0,470.28329693030304,469.88428188931766,468.0947910223493,470.47563381735455
3.780000000000003,-4.91624875971051,0.015894149194707642,23.776063202376612,6.00812755706316,0.3467008823412536,0.0,-5.159353183467181,-1.9075748699366801,5.307910431493644,-0.11220059563216296,0.10716034556353295,0.0,471.9460165326082,471.1978086256252,474.4478043745958,473.5914937924712
3.840000000000003,-5.232790359133213,-0.10353165815189265,24.094388053652008,6.001891212302228,0.35278448109761573,0.0,-5.3924834600794895,-2.0735640575855263,5.30170460891823,-0.09112822622873587,0.08621416562686811,0.0,471.4271362273202,469.8135362242439,468.60035695758296,470.22694693806534
3.900000000000003,-5.562926522883949,-0.23260602141235873,24.41085696385966,5.996035161632783,0.35823701281511866,0.0,-5.612503122379211,-2.2291731537760118,5.24638683708751,-0.11547160862016766,0.09885968830509433,0.0,456.251460499637,457.26683881231304,456.4842783977317,454.52875253549433
3.960000000000003,-5.906737742093031,-0.37136322808994165,24.724792723204157,5.989389137512932,0.36428127203834304,0.0,-5.8483131818432454,-2.396365190599303,5.2169611451622755,-0.10272051371080665,0.10424869796420091,0.0,466.8219968400004,467.2506421593042,466.5301934249408,467.5147079238115
4.020000000000002,-6.264817202112864,-0.5202286157539233,25.03679442563998,5.98286684645991,0.3706973227869286,0.0,-6.088133415261344,-2.5660569310374575,5.181882750983028,-0.12467855501073077,0.1118227703311178,0.0,466.69771411535874,467.2980675034576,469.4936857624823,467.7763798292495
4.080000000000001,-6.6374650886474615,-0.6793937127619819,25.34664338153327,5.975532376202285,0.3777730035229796,0.0,-6.333951342126431,-2.7397461601161486,5.145075011955554,-0.11776884671281729,0.12795859441761073,0.0,468.54867847970763,469.81334184107413,470.7303424222869,471.252265923271
4.14,-7.02537074939522,-0.8493458226539718,25.654977343292902,5.968420395303166,0.38490297779547866,0.0,-6.596711009375414,-2.9255337921009126,5.1310976589951,-0.12010535424395334,0.08578673507605154,0.0,481.63385488704995,478.4434587424267,481.6967038545673,481.508488587968
4.199999999999998,-7.428133885100798,-1.0297322204183752,25.959833407744142,5.961195009051973,0.3898314190499823,0.0,-6.8291989117826,-3.08769759652673,5.029853079331716,-0.1210656630698681,0.07362018693593039,0.0,454.18912814178356,453.217263326619,455.4775981459486,455.3880730829146
4.259999999999997,-7.843349937860885,-1.2186934356526502,26.25476891321077,5.953443166003897,0.39450605356478974,0.0,-7.012070224115787,-3.211536318166359,4.801328374748744,-0.15507432462813145,0.08534169932577779,0.0,409.1703264592606,410.21824221117646,410.84199536157905,407.796442458259
4.319999999999996,-8.270120107568196,-1.4155341767271257,26.536960660715145,5.944231113453817,0.3995838065915809,0.0,-7.214274463175826,-3.350382631610342,4.604671353168153,-0.1506229013211344,0.08316575927223223,0.0,422.60929866768186,422.42790998249194,421.476303910716,421.83733561457507
4.379999999999995,-8.711257072616858,-1.6224734375459244,26.81194221509414,5.935260796955152,0.40449657565235597,0.0,-7.490601728426569,-3.5479414743074265,4.559756866380644,-0.147361355431135,0.07917595805718354,0.0,478.3098740744246,478.010744556936,477.43065795221423,477.66020756623914
4.439999999999993,-9.16752979101046,-1.840132575059039,27.080601790020882,5.926245013252542,0.4097205887701483,0.0,-7.719076914140962,-3.7078369935480295,4.394780286830059,-0.1568012028191229,0.09942334731564365,0.0,437.67517483629246,439.3638802037511,439.86965000588924,439.0653306148511
4.499999999999992,-9.637406080750141,-2.0672979205063973,27.338706863173726,5.916506871285373,0.41566853506339996,0.0,-7.944130091558912,-3.8648400637154845,4.2079535346342665,-0.17653042332119773,0.09854464971006337,0.0,432.9490560698368,432.88382956419275,433.73572518916114,432.0487238652024
4.559999999999991,-10.120603092003588,-2.3037298611922905,27.58477296638307,5.906152616963631,0.42102529690645696,0.0,-8.163147049417267,-4.016789648001641,3.9935865769427172,-0.16564909646490794,0.05487850743692322,0.0,426.89285874555827,423.1553524495531,423.30547372082594,424.2108577888044
4.6199999999999894,-10.617593270657359,-2.5498175452500216,27.818913298622306,5.8960704439061296,0.42462170216112316,0.0,-8.403743005026083,-4.186665592030432,3.8102349122022323,-0.17328979186068527,0.06851065185347568,0.0,438.32843208953483,439.462788557421,437.3450056674965,436.6802926546481
4.679999999999988,-11.129157249851069,-2.8062253423734878,28.041920866768375,5.885295446776031,0.42879887664544114,0.0,-8.648963581195735,-4.360789329521387,3.622374798442288,-0.19672210070272697,0.07174889622522403,0.0,438.0248998171759,438.29796204121703,439.98478480795336,438.00753975788365
4.739999999999987,-11.655336261728339,-3.073008660416435,28.253019986793927,5.8736020744783115,0.4329744728293603,0.0,-8.890952688021235,-4.532577685771412,3.413303690367486,-0.1914608644165858,0.06489269900774002,0.0,433.0740407749796,432.5005665248017,433.1448312165555,433.54907205191347
4.799999999999986,-12.195214307836794,-3.349400785019311,28.449509046254033,5.862198807899011,0.4367311343083733,0.0,-9.105786229266275,-4.681163346167413,3.135860920002734,-0.18738444612768257,0.05760769043384674,0.0,408.33356410157774,407.6861042679168,408.0831709565819,408.4083649861619
4.859999999999984,-12.749516247092673,-3.6360468511710784,28.631926634204827,5.8511449395552475,0.4401504784895591,0.0,-9.37147324045465,-4.874212168390592,2.943483312685359,-0.17857967191264879,0.055722740573215045,0.0,444.22022197616974,444.0677977328796,442.670619001133,443.3617400557553
4.919999999999983,-13.3214203305173,-3.9357598428245404,28.805534437776323,5.84034840301652,0.44400657884208705,0.0,-9.692228302258828,-5.116497778726311,2.8413350995973716,-0.18281254184290008,0.0774271594574104,0.0,478.4509735405222,480.1037005211165,481.5469411985351,481.19795068089456
4.979999999999982,-13.910834474146087,-4.248450023170867,28.969195062333064,5.829174734533355,0.44855145218922665,0.0,-9.9555443683847,-5.306978546967432,2.6127571804641367,-0.19411012932014868,0.07216022079610478,0.0,438.70692742646133,438.27381165096284,438.31570855438633,437.34102766862077
5.0399999999999805,-14.516931614858821,-4.573356023680202,29.12028787442028,5.817579742662092,0.4530391770384359,0.0,-10.248170700864145,-5.523602131642435,2.4219324012107637,-0.19158520514837404,0.07960152975357512,0.0,456.95363950082236,457.55085087997924,455.29234725902654,455.4589570691628
