time,x,y,z,phi,theta,psi,x_velocity,y_velocity,z_velocity,phi_velocity,theta_velocity,psi_velocity,rotor_speed1,rotor_speed2,rotor_speed3,rotor_speed4
0.06,-2.7371665678948486e-11,-4.290591808594618e-08,10.026168103529542,6.283157541307659,1.6416327852653012e-08,0.0,-2.7371276442911333e-09,-4.397341940365255e-06,0.8720374940653524,-0.0014049089766471387,7.687934421936605e-07,0.0,-0.045276148217092416,0.2519873282737663,900.0390091219946,899.9821681329863
0.12000000000000001,-1.2985323093156092e-09,-2.309976479222888e-06,10.10458551721356,6.28299732026618,7.184367856183371e-08,0.0,-5.058899049594315e-08,-9.723147085606237e-05,1.7409857437696998,-0.005330038228331779,1.1766694894680597e-06,0.0,0.14399307022166014,0.24588068378842132,900.3069538422138,900.1482102215687
0.18,-8.052958240727661e-09,-1.8712681307803688e-05,10.234908122665727,6.282777343035317,1.5631956618022969e-07,0.0,-1.9119949153846538e-07,-0.0005066296201598839,2.6015692410044053,-0.0005302861352182661,1.7294268007289103e-06,0.0,0.1891247245131207,0.3393758548342845,900.0754203701034,900.2697040670015
0.23999999999999996,-2.7098421449048314e-08,-6.71546033351377e-05,10.41650255484952,6.282494214034799,2.6008517295394995e-07,0.0,-4.653213108825413e-07,-0.0011370288450378357,3.4494352111204574,-0.01479218705217205,1.7294267607285555e-06,0.0,0.12945688025539304,0.22527199376307025,900.3694024686827,899.7923702742671
0.3,-6.694188926896377e-08,-0.00017197466150371094,10.648514170235572,6.28153984367799,3.638485841506167e-07,0.0,-8.838329064197425e-07,-0.0025478888507620995,4.2815682661730285,-0.01823289299297437,1.7293170357512278e-06,0.0,-0.002826558930107803,0.07047232428454211,900.3622583865662,900.2232877313397
0.36000000000000004,-1.360992509995601e-07,-0.0004027093673842089,10.92985132844421,6.2803780791250094,4.698737630093319e-07,0.0,-1.4418783234496224e-06,-0.005370466490256134,5.093100189673099,-0.02172403464942019,1.8426247422728415e-06,0.0,0.2476140675066813,-0.09084777000812802,900.2152973545491,900.0742739044315
0.4200000000000001,-2.4290896328164814e-07,-0.0008512785696654074,11.259180129889682,6.278903454851044,5.807184724204717e-07,0.0,-2.1391431798859592e-06,-0.009851536295029276,5.880828730910207,-0.03099993392842491,1.8569859698798606e-06,0.0,0.4901126039525068,-0.03234304757672925,900.2183719156,899.8431990643174
0.48000000000000015,-3.956920994485325e-07,-0.0016304641329273311,11.635012098113418,6.276913222156329,6.921376298762993e-07,0.0,-2.9733890438983906e-06,-0.016485593111995097,6.642803952224176,-0.03790904815740444,1.8569859237611966e-06,0.0,0.5653087015944581,0.14046880631123937,900.3516119129586,900.0722105735362
0.5400000000000001,-6.024365098922229e-07,-0.0028856166047328087,12.055690539770534,6.274696660257479,8.035567846675917e-07,0.0,-3.936672587481885e-06,-0.025761277627954007,7.375383209275348,-0.03507710584875654,1.8569858776425351e-06,0.0,0.7256023614770281,0.04157930488428241,899.975125414105,900.0898705027669
0.6000000000000002,-8.70669859892292e-07,-0.004776426613451909,12.519414173008414,6.272412692240822,9.222345536130661e-07,0.0,-5.02249085097495e-06,-0.03764073563570961,8.07738070440478,-0.044836960196659836,2.219915587703824e-06,0.0,0.36271724956341894,-0.16259072180855422,900.2977040850485,899.9028004783365
0.6600000000000003,-1.207896758211262e-06,-0.007462029348345417,13.02429319432581,6.269667047526662,1.0554294878062365e-06,0.0,-6.238519150306175e-06,-0.052329242399476394,8.747035084913813,-0.047675016402260476,2.219915521796695e-06,0.0,0.5612902694459745,0.07142011075235477,900.1588229071456,900.043895002666
0.7200000000000003,-1.6220465599364099e-06,-0.011119750877581793,13.568344551794553,6.26698411516697,1.1886244184466932e-06,0.0,-7.585136848275951e-06,-0.07002482232907502,9.382999461465637,-0.03937224143387816,2.21991545588957e-06,0.0,0.6360845148632928,0.022165676156604745,899.8527834848393,900.1888148262285
0.7800000000000004,-2.120637366874369e-06,-0.01591737663198194,14.149505172408116,6.264846400069542,1.3225854482712407e-06,0.0,-9.051859481667967e-06,-0.09020562485984533,9.983954203452134,-0.029033025754604702,2.2582205865137053e-06,0.0,0.6472611287929017,-0.052821814847834235,899.5149749065234,899.9337636614956
0.8400000000000004,-2.710691251492438e-06,-0.021979494955249458,14.765694897076981,6.26322179824086,1.4802025170013167e-06,0.0,-1.06347390233069e-05,-0.1120570778501806,10.550629564339904,-0.0234262176312511,3.364402060663036e-06,0.0,0.5096161825721232,-0.28385573661721325,899.6012474111097,899.8285177357919
0.9000000000000005,-3.40005939299384e-06,-0.029386325369080424,15.41486753418841,6.262073188333366,1.6824722690600424e-06,0.0,-1.236999276986293e-05,-0.134945090248295,11.0834256020688,-0.01171993518991957,3.3846834935007186e-06,0.0,0.3801592758967768,-0.03843575451915979,899.5543347866458,900.02856794406
0.9600000000000005,-4.198612158851941e-06,-0.03817933625593483,16.094975697671366,6.261420934720668,1.8856964487667938e-06,0.0,-1.4272516670579552e-05,-0.1581588020111244,11.581907838806366,-0.00922455149336236,3.391841995325034e-06,0.0,0.332690702243173,-0.022834956619521913,899.5448329749807,899.6460854775747
1.0200000000000005,-5.116102600406884e-06,-0.04836387970628484,16.80401592613724,6.261135419358272,2.091649680124874e-06,0.0,-1.633307819133639e-05,-0.18128377590670633,12.047947243308094,0.0029411205510968836,3.5139774240091984e-06,0.0,0.14855793228169084,-0.09432038776523113,899.5031029673711,899.9958313015505
1.0800000000000005,-6.161692178194135e-06,-0.05991816025045865,17.540023364207023,6.261858234775151,2.3009776821680816e-06,0.0,-1.8541651964047566e-05,-0.203681774970628,12.480982584264826,0.025876402774800328,3.4384452276639733e-06,0.0,-0.07417371914412194,0.18302272163097824,898.9717532291171,899.9006484614986
1.1400000000000006,-7.3440913663451625e-06,-0.07276655238246507,18.30110417225144,6.264157475976894,2.507284392549991e-06,0.0,-2.0891342735547497e-05,-0.22421074808823846,12.88390173988114,0.05576315871856921,3.438445069545109e-06,0.0,0.007892701258564616,0.31699698276415417,899.0437917039344,900.2540650301561
1.2000000000000006,-8.671440026690968e-06,-0.08675264633630642,19.08549825838915,6.268045753579489,2.713591093161938e-06,0.0,-2.337198611203592e-05,-0.24139365069659494,13.258282645139206,0.07855351323773505,3.438444911426259e-06,0.0,0.2212032585929768,0.17314735276003385,899.502989650979,900.426371930741
1.2600000000000007,-1.0151314007603602e-05,-0.10163775708717242,19.89152092425296,6.273321220753347,2.9198977848921004e-06,0.0,-2.597436911635816e-05,-0.2540252201258881,13.60506289081642,0.10205468479346719,3.438444753307424e-06,0.0,0.29350250190970245,0.14182993814614286,899.6783036581832,900.63160128422
1.3200000000000007,-1.1790759962840913e-05,-0.11711804266449995,20.717545417704127,6.280164209441224,3.1262044668523004e-06,0.0,-2.8690071045166262e-05,-0.2610781368058623,13.925233941213651,0.1310286994028041,3.438444595188603e-06,0.0,0.5767826357612862,0.35838528301123485,899.6141335870068,900.7910404735289
1.3800000000000008,-1.3596410485768574e-05,-0.1328261227297503,21.562026935216046,0.005424037781032176,3.332511139930716e-06,0.0,-3.1513710600072065e-05,-0.26146137693241395,14.220524304238097,0.15528095108939377,3.438444437069797e-06,0.0,0.42013642228292886,0.3270075328866753,899.8179742391408,900.806722255589
1.4400000000000008,-1.5574624970441057e-05,-0.14833371683024857,22.423528697264484,0.015055426013008244,3.538817802350991e-06,0.0,-3.444154997626057e-05,-0.25429736277174947,14.492799657428176,0.169347104998081,3.4384442789510053e-06,0.0,0.16779701691655813,0.03405920969597448,900.2357064412532,900.8149521755569
1.5000000000000009,-1.7731365673570935e-05,-0.16317461854160992,23.30066338629393,0.025321085079524686,3.7588186696524417e-06,0.0,-3.746494137157903e-05,-0.23921853462496276,14.741864917574024,0.1743737131117929,4.123150863346578e-06,0.0,-0.1026917648079243,-0.2458038324705219,900.0917989434338,900.3070832305463
1.560000000000001,-2.0072825235702744e-05,-0.1768743365771607,24.1920968665645,0.03589196556514995,4.029671344163432e-06,0.0,-4.06039394287706e-05,-0.21628698448752093,14.969657780538974,0.17956706220182342,5.2963204907099195e-06,0.0,0.21799558456321128,-0.292324303053994,899.8636783982935,900.086605714251
1.620000000000001,-2.260738705496308e-05,-0.18896600959692977,25.096639546000485,0.04667572575884282,4.411398668580091e-06,0.0,-4.3911741028640326e-05,-0.1856451862203306,15.179044230454297,0.18005147467360882,8.493639940056314e-06,0.0,-0.0006094323081951569,-0.4825894965049213,900.1558925188908,900.1887722638829
1.680000000000001,-2.5347976143993744e-05,-0.1989958966444889,26.013197157261843,0.05741508120824701,4.939535970471809e-06,0.0,-4.748999385419111e-05,-0.14761451960207916,15.370364680848734,0.17677862774124006,9.419578039612399e-06,0.0,0.3650767168245248,-0.25970223501177997,900.1066225603927,899.9872660187748
1.740000000000001,-2.831335516664032e-05,-0.20653309805396602,26.94071841713885,0.0682457780750676,5.504710629544718e-06,0.0,-5.140845124428319e-05,-0.10260652733688522,15.54470098583047,0.18708301927859203,9.41957685296323e-06,0.0,0.11180899619249085,0.08141613691823196,899.613959609626,900.0445960292348
1.8000000000000012,-3.152426515592674e-05,-0.21116283852378054,27.87822965013915,0.07969795667685009,6.052763460218102e-06,0.0,-5.5672066235065235e-05,-0.050674581794885945,15.70355719306414,0.19752394744053586,8.56348176349548e-06,0.0,-0.25012209328958684,-0.014259055066277865,899.4436142929396,899.8816993880927
1.8600000000000012,-3.500079561432985e-05,-0.2124633372085015,28.82485872087587,0.09169557805575934,6.675978674763883e-06,0.0,-6.0262732454913805e-05,0.008390450029919842,15.84880186263532,0.20442856773058996,1.4033547507847288e-05,0.0,-0.013181954731795759,-0.6313576952566136,899.5397713104252,899.836359603283
1.9200000000000013,-3.876563717609555e-05,-0.21000121142432304,29.77984812775393,0.10384052105507724,7.651407020858869e-06,0.0,-6.531780753637203e-05,0.07474088258030868,15.9823812687158,0.19805874281042743,2.0703950833301598e-05,0.0,0.1712074883146796,-0.6970447017414818,900.0979926923286,899.8575053928805
1.9800000000000013,-4.285389499553836e-05,-0.20334904504471116,30.74249004320615,0.11552335400818503,8.921221478885855e-06,0.0,-7.107785689831374e-05,0.1479890336725019,16.10402855548421,0.18702007618132496,2.2082805239336242e-05,0.0,-0.017921200803616838,-0.3174226342940813,900.1044898313137,899.6734114220029
2.0400000000000014,-4.731228489342197e-05,-0.19211102579143022,31.71207410968169,0.12676293768198743,1.028309969797192e-05,0.0,-7.766191596353538e-05,0.22752659538621015,16.21392478082417,0.1879312151600574,2.3928271855554238e-05,0.0,0.31694830812700947,-0.36663875933938106,899.5403802028027,899.5919022798208
2.1000000000000014,-5.2192472899052455e-05,-0.1759110023021007,32.68799505503437,0.13805127880073442,1.1756904986448546e-05,0.0,-8.514694378182747e-05,0.3133767849915344,16.31535746880756,0.18855081294188808,2.583369018661981e-05,0.0,0.12236336940518203,-0.37254655893004907,899.9822033207225,900.0220408613994
2.1600000000000015,-5.7549866308461674e-05,-0.1543787183207807,33.66971843631512,0.14926441302964655,1.3307165108500385e-05,0.0,-9.357614926686737e-05,0.40525311172258854,16.407450167021068,0.1833333661067552,2.584562571683508e-05,0.0,0.3004712040436278,-0.029496310684105354,900.0505455641027,899.8538060879761
2.2200000000000015,-6.344187167162749e-05,-0.127157132658021,34.656709581006595,0.16004036238124986,1.4858382510141155e-05,0.0,-0.0001029651757831536,0.5029762785716025,16.491041613116405,0.17084219917424154,2.586961863515207e-05,0.0,-0.13861035468451105,-0.14477956241530648,900.1956353735716,899.7030495113172
2.2800000000000016,-6.99255645858152e-05,-0.09390807066516539,35.648468117088576,0.17008390037799614,1.645483163148498e-05,0.0,-0.00011329921550857397,0.6060954242615293,16.5664426866604,0.1594140280746968,2.8083177604604677e-05,0.0,0.09878584062716061,-0.40154196890669064,900.0908174640863,899.6392380447227
2.3400000000000016,-7.705921973212005e-05,-0.054315332593536554,36.64455655316144,0.1795650948929799,1.8185726593067386e-05,0.0,-0.000124641726069758,0.7143712124736659,16.63542550963551,0.15507854982025732,3.037834857479604e-05,0.0,0.22672252227931336,-0.40887733890449396,900.2710500244723,900.1053541348634
2.4000000000000017,-8.490478003174437e-05,-0.008087608163515603,37.64455234497813,0.18859264456542846,2.0053236231554195e-05,0.0,-0.00013704084825567932,0.8272314605161484,16.696764193373077,0.13910673085051323,3.2618742499485674e-05,0.0,0.5108291655762448,-0.4039688855613083,900.3158800700743,899.6778457978646
2.4600000000000017,-9.352819106082388e-05,0.045042926565137704,38.64802691171842,0.19696225123172173,2.204690570017931e-05,0.0,-0.00015058039106639263,0.9443936513068747,16.751436710315385,0.1402550775834171,3.444596021617721e-05,0.0,0.48825809155554906,-0.36482229474889266,899.9496118404168,900.003370327157
2.520000000000002,-0.00010300044224912122,0.1053316880245954,39.654617893599415,0.20551449285988888,2.4160195208011714e-05,0.0,-0.0001653448655155998,1.065850754350531,16.800695630426038,0.14674614616258197,3.677250934214496e-05,0.0,0.1300466248906077,-0.4116632794462697,900.0993930392045,900.3697771344159
2.580000000000002,-0.00011339605370943631,0.17303158187856132,40.663966209391454,0.21456979998103343,2.6385781738191838e-05,0.0,-0.00018136980906407837,1.1914733419251402,16.84342020997483,0.15817567933171603,3.773429988524905e-05,0.0,0.0985748500605329,-0.26468472130164283,899.7812751562011,900.2527765494939
2.640000000000002,-0.0001247931816543012,0.24840969132795815,41.675727551328826,0.22419771425167756,2.8665880742018146e-05,0.0,-0.00019873305321973896,1.3218446245773738,16.88117960243806,0.1646858024858588,3.853634486484551e-05,0.0,-0.024457603887798607,-0.24294115040868325,900.0199173143925,900.2936150144741
2.700000000000002,-0.00013727180331486142,0.331751081382469,42.68957389967359,0.23417016663634627,3.101957164108882e-05,0.0,-0.00021742436403814433,1.456949558101012,16.91297776456937,0.16908589189275533,4.061181884440119e-05,0.0,0.2773718441365359,-0.38881701961874915,899.7805249699517,899.9697552162771
2.760000000000002,-0.00015091327020332976,0.4233476450156457,43.70516766757972,0.24423474468464335,3.346940238380114e-05,0.0,-0.00023750381661996123,1.5970339456677771,16.939468207098177,0.16491582979558395,4.126789571660774e-05,0.0,0.1548786835908521,-0.21860959042469183,899.7710488326849,899.6134485916913
2.820000000000002,-0.0001658039893411222,0.5235119998032483,44.722251628902576,0.2540616264797908,3.594548399821207e-05,0.0,-0.0002590673581236509,1.7425203792295858,16.962651268578284,0.16141315122528205,4.126828930325795e-05,0.0,0.16499366757665215,-0.00550707012896276,900.1570037849066,900.0258743130715
2.880000000000002,-0.00018203222334170081,0.6325582443577742,45.740603845040006,0.26361517446479876,3.8421580901726315e-05,0.0,-0.0002820859246924511,1.8930772121087627,16.98175381522872,0.1544531006245116,4.12682665264819e-05,0.0,0.3314179438088599,0.42895794226183676,900.3733818893164,900.1016223436317
2.940000000000002,-0.00019968488185780845,0.750785164089118,46.7599797049052,0.27271049295673055,4.0897676438333974e-05,0.0,-0.0003065461553487368,2.0485073002269,16.99677805076371,0.14514487830426043,4.1268243749730996e-05,0.0,0.1624590418300625,0.8498670627174782,900.5521581336412,900.1842837358375
3.000000000000002,-0.00021884746583695396,0.8784733176776116,47.78012125538027,0.2812454439228267,4.3373770608035045e-05,0.0,-0.0003324146328959588,2.208407545841141,17.00728610617888,0.13572509853253964,4.126822097300523e-05,0.0,0.39272441041059736,0.589854067596683,900.533196413624,900.1595331912778
3.0600000000000023,-0.00023960451202358705,1.0158850358392557,48.80076995396499,0.2891210942988103,4.584986341082953e-05,0.0,-0.00035969254850817535,2.372577975462727,17.013685671184525,0.12037999584534327,4.126819819630461e-05,0.0,0.07155167489676634,0.5746898872605128,900.7473485604144,900.1325232730784
3.1200000000000023,-0.0002620396793858337,1.1632622782349822,49.82167101080964,0.2960855035492935,4.832577747571065e-05,0.0,-0.0003883491638947615,2.540519023071243,17.01570127573407,0.10566401281908391,4.1259306844075735e-05,0.0,-0.02541625047769279,0.20242228775621818,900.7367927378621,900.1457662983521
3.1800000000000024,-0.00028623522419243445,1.3208175167426803,50.84256448050459,0.30214263019853416,5.07962025251274e-05,0.0,-0.00041836872205251626,2.7117744988376336,17.013438494576246,0.08930610482830252,4.1002638314104655e-05,0.0,-0.13672615351420142,0.06833940117189882,900.7958360116891,900.1369586746852
3.2400000000000024,-0.0003122711513434664,1.4887287994322669,51.86317527460707,0.30713929872312207,5.325636037412096e-05,0.0,-0.0004496914328590527,2.885644655327618,17.00629695018905,0.06713158402196195,4.10026158296207e-05,0.0,0.2083874468777781,0.18355980088213328,900.7232449539775,899.8274255605317
3.3000000000000025,-0.0003402265990877514,1.6671452448407638,52.883244665482806,0.3107493960179619,5.57165168739715e-05,0.0,-0.0004823491757877753,3.0618401801574073,16.995395783018875,0.04020596732477809,4.1002593345161407e-05,0.0,0.3946492768947737,0.322098660014228,900.9611480596634,899.8719557854536
3.3600000000000025,-0.00037018040805283643,1.8561801883908722,53.90253899882261,0.3127900692342669,5.81766720255672e-05,0.0,-0.000516299875362623,3.239468864927552,16.980478290503545,0.017220421362272656,4.100257086072677e-05,0.0,0.1700092454384992,0.3677901210465983,900.920126420522,899.9897644640113
3.4200000000000026,-0.0004022089384579802,2.0558926679801597,54.92081253286084,0.3134765193522622,6.06360879045198e-05,0.0,-0.0005515040357435689,3.4176535956517897,16.96140449320584,-0.0038029490078454005,4.09656522195079e-05,0.0,-0.05184120787897073,0.3890451148697522,900.8181139446727,899.9671024858228
3.4800000000000026,-0.0004363896836753966,2.2663097282976135,55.93786745897039,0.312925315317794,6.304446584959322e-05,0.0,-0.0005880354865295,3.5961863212254714,16.939882514946966,-0.023039233196620837,3.848754225920101e-05,0.0,-0.424857084718173,0.1573905395437509,901.198834265446,900.4208426974955
3.5400000000000027,-0.00047279513847637027,2.4874057393623965,56.95348079858623,0.31121648157461834,6.53537179884367e-05,0.0,-0.0006256502486088086,3.773538359295086,16.913428640257614,-0.04252712155182874,3.848752244850713e-05,0.0,0.1609954911236688,0.07784951634267942,900.7209913459353,899.9324349431791
3.6000000000000028,-0.0005114926410053726,2.7191106289909284,57.967425862155125,0.3082752122449097,6.766726526663547e-05,0.0,-0.0006644368960603657,3.949722502278945,16.884330442844277,-0.06699327131152966,3.8702318543608784e-05,0.0,0.4575020726745085,-0.1250886077925636,900.9230969115404,899.9327277768136
3.660000000000003,-0.0005525523132901562,2.961332260815897,58.97955233771678,0.30392619312954317,7.000323334871439e-05,0.0,-0.0007043909913957926,4.123980638641498,16.85287983902124,-0.08669200043585702,3.939376288020093e-05,0.0,0.6815587965983022,-0.2244240756394587,900.8842213836607,900.0858467133031
3.720000000000003,-0.0005960440092344011,3.2139296535287625,59.98972301863384,0.29836740306952336,7.236685870637416e-05,0.0,-0.0007455091887441388,4.295486287688844,16.819223290383846,-0.10851470849926416,3.9393742125606126e-05,0.0,0.7217219419510464,0.3041205297678555,900.8629112277365,899.9771448273193
3.780000000000003,-0.0006420372706595378,3.476713083333707,60.997809431801635,0.29158399907307686,7.473048281880779e-05,0.0,-0.0007877796732188005,4.463411565094624,16.78350700533191,-0.124176237315604,3.939372137103319e-05,0.0,0.6554484247719691,0.19969047845928448,900.5184604331066,899.8801326890236
3.840000000000003,-0.0006906021604271285,3.7494496634051844,62.003711947411325,0.2837824442891703,7.709445769599199e-05,0.0,-0.0008312345064519328,4.627175273478901,16.746529897165,-0.14550086058349024,3.941130116423155e-05,0.0,0.5220207983089764,-0.03580532622570451,900.446470234598,899.5767912419554
3.900000000000003,-0.0007418126915807519,4.031877989756818,63.00740162790019,0.2747321358751673,7.94928610057255e-05,0.0,-0.000875973758548202,4.7863519307560285,16.709847368099503,-0.16451031199337718,4.10975390986546e-05,0.0,0.5822243104268596,-0.35046660913625666,900.4867498476517,899.7082189436113
3.960000000000003,-0.0007957485200752274,4.323701576599694,64.00892524370886,0.26467450854987273,8.198342038667761e-05,0.0,-0.0009220914632773429,4.940239657339985,16.674428227869043,-0.17472061452766524,4.233287783609524e-05,0.0,0.48398808713514363,-0.29997257261842847,900.4846699190008,900.0600603160801
4.020000000000002,-0.0008524926539728008,4.624575651083875,65.00835005087804,0.2541506855401563,8.452515045132003e-05,0.0,-0.0009695962809491396,5.087968938240683,16.639988311527055,-0.17678349758990014,4.2420747455813664e-05,0.0,0.1661168746508373,-0.08001347690396401,900.1901435740576,900.094091036215
4.080000000000001,-0.0009121325638682173,4.934126602622181,66.0057786231766,0.24371358588401115,8.707039481770096e-05,0.0,-0.0010186236805502249,5.229439117256239,16.60795185108958,-0.16882325183000393,4.2420723389146745e-05,0.0,0.19551310845454534,0.2935806709053745,900.1260939938887,900.4359704365285
4.14,-0.0009747598958351551,5.251973746259374,67.00135580587033,0.23388266272401115,8.961388726103081e-05,0.0,-0.0010691820279695283,5.364528475948821,16.578312451594897,-0.15541027045931022,4.233317532671998e-05,0.0,-0.07984507205934294,0.5204465413248796,900.0439154062168,900.5760412504516
4.199999999999998,-0.001040466451538293,5.577737563492672,67.99522086830655,0.2245966268550843,9.215387730066027e-05,0.0,-0.0011212683513841884,5.493361064128157,16.550903782553593,-0.15351275898144076,4.2333151359315505e-05,0.0,0.09642463049190272,0.4663879044219767,900.1954117026149,900.2628855078906
4.259999999999997,-0.0011093450300697194,5.911045992362915,68.98751638530165,0.21524332546742997,9.469386590321704e-05,0.0,-0.0011749209010628095,5.615993284869069,16.526031655086992,-0.1611151079988664,4.233312739193817e-05,0.0,0.14072548096428839,0.30474760615795166,900.3393847804828,900.0221098184825
4.319999999999996,-0.0011814887520041207,6.251514809722945,69.97838401147287,0.2055872507919725,9.72331189297293e-05,0.0,-0.0012301129172257372,5.731983527281509,16.503368250559934,-0.16057638238379635,4.2296396504228074e-05,0.0,-0.05170809327307896,0.1769306816229109,899.917910665947,899.9294768967729
4.379999999999995,-0.001256995149547132,6.598745539934197,70.96800686904594,0.19598999484197943,9.976874406092406e-05,0.0,-0.0012870134061155416,5.841365414460008,16.48455201403429,-0.15873965610276,4.2188463475533576e-05,0.0,-0.08865711396587247,0.05736677646590092,900.0671594522083,900.1314193696676
4.439999999999993,-0.001335966093051748,6.952334630708124,71.95660502672017,0.18655359515339232,0.00010230635839647562,0.0,-0.0013456009794849937,5.943916006498833,16.46921978533679,-0.154494289442002,4.250378891803291e-05,0.0,0.05856977205252398,-0.15155855200232454,900.0589926468431,900.2211496553875
4.499999999999992,-0.0014185006589142396,7.311865514152118,72.94436054464425,0.1774015118422625,0.00010486757364081001,0.0,-0.0014058061348350508,6.039431241473032,16.45647184748394,-0.14888240068387476,4.305318167958073e-05,0.0,-0.0904897811615146,-0.21956286544357337,899.7776477353405,899.9958638902015
4.559999999999991,-0.0015047006027360278,7.676924375144586,73.93146353691202,0.16861957670757377,0.0001074526349382765,0.0,-0.0014677837821393124,6.128194176839929,16.44744748772319,-0.14175998259029532,4.314670141380209e-05,0.0,-0.1999912826083102,-0.21635684206578013,899.8589627958788,900.1391584636617
4.6199999999999894,-0.0015946719610533866,8.047107852411473,74.91812505151964,0.15992998644958512,0.00011001417746925313,0.0,-0.001531520521656506,6.210259493598033,16.44173979480283,-0.15179063687048364,4.178370858538308e-05,0.0,-0.31508473868762676,0.09761043628597885,900.2391906648361,899.8250730282961
4.679999999999988,-0.0016885234002915904,8.422013069714867,75.90457331909356,0.15073752401214158,0.0001125098722170037,0.0,-0.0015971179261875666,6.285507342561681,16.44036075428865,-0.15620045188002,4.1217317674910346e-05,0.0,-0.20311113496279265,0.1157436007241123,900.4563075288611,900.2687123726241
4.739999999999987,-0.0017863611727005058,8.80121032354883,76.8910247674222,0.14122307380423038,0.00011498291082379097,0.0,-0.0016644010217501059,6.353282228501685,16.44187053756321,-0.16379621330605348,4.1217294954364015e-05,0.0,0.018711542775386725,0.2704643256313616,900.364598560175,900.0472061230566
4.799999999999986,-0.0018882884751077276,9.184242282013615,77.87766909420327,0.13116677830096624,0.00011745594806633619,0.0,-0.0017334417040696388,6.413262631872859,16.44682010409489,-0.1765712411431877,4.1217272233842736e-05,0.0,0.17640659580098406,0.3275938641798921,900.4264469522873,899.8979381536379
4.859999999999984,-0.0019944090738058307,9.5706217324842,78.86469415693769,0.12020475059844404,0.00011992847578845556,0.0,-0.0018041874699011103,6.464764026552723,16.454624698218097,-0.19920676573131352,4.1191841658923253e-05,0.0,-0.04301981543299238,0.5090865188958684,900.3098803908629,899.3791715574893
4.919999999999983,-0.002104832436991635,9.959819429277934,79.85232708247017,0.10804615414160956,0.00012239998583396527,0.0,-0.0018768795225496942,6.50703808510741,16.467158116131746,-0.2105824010576008,4.1191818966454927e-05,0.0,0.20055351809339497,0.4078461430799199,900.1895747778364,899.7114047000625
4.979999999999982,-0.002219675371548034,10.351251323330777,80.84084546706593,0.09537630376330242,0.00012487149451789747,0.0,-0.0019515146413662786,6.539148010614259,16.48416596598444,-0.21235181256088004,4.1191796274011604e-05,0.0,0.39379756216379175,0.3878810362165366,899.9185978470771,899.8277518752067
5.0399999999999805,-0.0023390569014944003,10.74429517537583,81.83052875251035,0.08269069147902108,0.00012734300184025216,0.0,-0.0020281687577275954,6.560743381734818,16.5059614166269,-0.20964127353028406,4.1191773581593286e-05,0.0,0.22052416188852633,0.44807969063147246,899.8487113297299,899.9392207648342
